chr1    10135   10285   GSE42390.TAL1.ERYTHROID 0       .       10179   10180   112,168,84
chr1    10136   10215   GSE72082.GABPA.MCF7     0       .       10175   10176   140,168,252
chr1    10148   10280   GSE31006.FOXP1.ESC_H9   0       .       10184   10185   224,252,224
chr1    10156   10192   GSE40300.NME2.A549_IND  0       .       10174   10175   84,224,252
chr1    66389   66547   GSE59935.NRF1.T47D_HAEGIN2      0       .       66423   66424   140,252,252
chr1    91433   91567   ENCSR000DVH.CTCF.EPITHELIAL_KIDNEY      0       .       91538   91539   252,140,56
chr1    91445   91572   ENCSR000BSE.CTCF.HCT166 0       .       91523   91524   252,140,56
chr1    91462   91561   ENCSR000DLF.CTCF.GM19240        0       .       91517   91518   252,140,56
chr1    126108  126236  GSE47987.FOXA1.DU145_FOXA1_ARQ6540X     0       .       126149  126150  252,140,168
chr1    138860  139236  ENCSR000AKO.CTCF.K562   0       .       139042  139043  252,140,56
chr1    138921  139158  GSE70764.CTCF.K562      0       .       139036  139037  252,140,56
chr1    138954  139137  ENCSR000BPJ.CTCF.K562   0       .       139044  139045  252,140,56
chr1    138960  139065  ENCSR000DMA.CTCF.K562   0       .       139041  139042  252,140,56
chr2    114349684       114349877       GSE46044.ERG.ME1        0       .       114349839       114349840
       252,84,28
chr1    237614  237892  ENCSR000APF.CTCF.OSTEOBLAST     0       .       237743  237744  252,140,56
chr1    237634  237880  GSE52457.CTCF.ESC_H1_MESEN_STEM 0       .       237761  237762  252,140,56
chr1    237636  237883  ENCSR000ANE.CTCF.MYOBLAST_SKELETAL_MUSCLE       0       .       237758  237759  252,14
0,56
