	Blood(T_helper_naive_cells)	Brain(Germinal_Matrix)	Heart(Right_Atrium)
ABCC8	0.0	0.07056184656904275	0.04439286711445568
ABLIM2	0.024427014078649664	0.05572853968894472	0.039182595576997874
ABR	0.10289569525093066	0.120886966260867	0.1241014490416708
ACAN	0.013192619447575936	0.013192619447575936	0.023055983387635273
ACOXL	0.0025902407785453035	0.0	0.0014198415713048077
ACTL8	0.0	0.002085220329649982	0.0
ACTR5	0.10431772138409827	0.08523165723685569	0.059145214487851615
ADAM33	0.0	0.059849615787186096	0.12449006561868503
ADAMTSL2	0.016109920949830367	0.029940169744949438	0.12008048867454744
ADARB2	0.11378611554858464	0.13077195150954424	0.03141189678259825
ADCY5	0.006684944648523108	0.11169780835288466	0.20831888253141181
ADCYAP1	0.001697251440890733	0.010818561778871527	0.005717248203674613
ADCYAP1R1	0.0	0.09886575365670192	0.02112849889194502
ADD2	0.08121165308401486	0.19416258384689075	0.009584352630750902
ADGRA1	0.0	0.16400352882278552	0.0009819541738793692
ADGRB1	0.06230167791379477	0.21191102795592787	0.019056088980819133
ADORA1	0.0	0.1252116579387382	0.2917439032508478
ADRA1B	0.0	0.09063734973276924	0.07058756949773058
ADRA1D	0.0	0.02776297950366627	0.0029639042908208646
ADRA2C	0.0	0.04387692362851238	0.06590938435855874
AGAP2	0.1474085501670269	0.15800709121733647	0.048762553249730105
AGBL4	0.0005435892761030969	0.009196128505118095	0.011511323445246214
AJAP1	0.017561419419883026	0.046102931993811096	0.0031263359847810523
AK8	0.002770198863738542	0.033310120367379924	0.011984148269170481
ALDH1A2	0.0	0.004709019454684648	0.21221096619821747
ALDH1A3	0.0020097398200827447	0.0030639832746959025	0.12003984060725223
ALK	0.012339754867060715	0.07394878442403668	0.0021618703157536504
ALOX12B	0.057034059994527715	0.02542067753502379	0.004290283498299192
ALX1	0.0	0.001898466647054678	0.0
ALX3	0.08104606659709045	0.011020187653978265	0.0051699617007090175
ALX4	0.051889720179743214	0.07240349208460337	0.037079195818880105
AMMECR1	0.08689610304996613	0.06154200851540655	0.02217440106229817
ANK1	0.07526040330564901	0.08931376919707248	0.6522383699426055
ANKRD34C	0.0	0.0010213653320339476	0.000634772517069605
ANKRD60	0.0	0.0	0.0
ANO1	0.0	0.002380533189917211	0.1290776227366355
ANO2	0.0	0.022236507971598485	0.06288997930257441
APC2	0.032413685623217454	0.28163826021372235	0.01710125068656192
AQP5	0.0	0.04866623350145624	0.10493865487063397
ARHGAP29	0.0	0.03336431122893227	0.09988397185233978
ARHGAP36	0.0	0.027541243434304294	0.004757386689580366
ARHGAP40	0.0013781655824698607	0.005813907706010892	0.0
ARHGAP6	0.000775639577157353	0.021926912629335178	0.030118469865125803
ARHGEF7	0.12890491262526887	0.14706407435500682	0.09285557223900884
ARX	0.0033148899468306726	1.0850808533341998	0.0
ASB18	0.0	0.0025088263648123466	0.028599693771312922
ASCL1	0.0	1.0876764253092077	0.0
ASCL2	0.0014989388698919493	0.0480553104602464	0.010304055181715234
ASCL4	0.0	0.0	0.0009168390994940804
ASIC2	0.0	0.3437193955535733	0.00046168336316359143
ASIC4	0.0060036949585275355	0.13690246011404475	0.035396899523289824
ASS1	0.0	0.08167238532189691	0.1307247278631469
ASTN2	0.011672830782071672	0.08591512932348629	0.10257408442853677
ATOH1	0.0	0.000595871661450109	0.010840757435592015
ATOH8	0.0	0.05107197475900029	0.18991760019816253
ATP2B2	0.00725495479415674	0.16308027299490252	0.02127131393233621
ATP2B3	0.0006652182782315656	0.045163471177525734	0.0005234480123254137
ATP6V1B1	0.003422295046880035	0.007772817167130692	0.023120740394543097
ATP8A2	0.013998283607643032	0.06432405727570463	0.0050029630682523595
ATP8B3	0.034267561414346906	0.007834380533864843	0.027609124516143963
AUTS2	0.02453168052224326	0.11295127153706748	0.04362009931741767
B3GAT1	0.007308110831583064	0.15722646983428681	0.003758253319982712
BARHL1	0.014146528489351549	0.024093753882508683	0.0
BARHL2	0.0	0.0	0.005996495287150447
BARX1	0.0	0.0046137447168627015	0.0072216537851339515
BARX2	0.004530455632519095	0.0	0.0
BCAN	0.0025344712245039297	1.6263972623542005	0.022032018874015014
BCL11A	0.013914375123701207	0.3085797456372697	0.06449371937266911
BCL11B	0.5674196289876287	0.3991973312683573	0.007869966710440079
BCOR	0.0840372258796864	0.16801022813356317	0.0891775724562551
BDNF	0.007562954079743155	0.002181608648954113	0.0013066089207013634
BEAN1	0.004350171035292841	0.0422174098213838	0.010398609263966525
BEGAIN	0.010619279356900142	0.14241422273412468	0.03875983582234406
BHLHE22	0.0	0.007537810377692288	0.005428098136459202
BHLHE23	0.0	0.020725233087329577	0.008948509482145518
BHLHE41	0.0032386724741728366	0.0494156817906952	0.0826332183362982
BICDL2	0.0	0.00091104757907671	0.0019189820314805945
BLACE	0.0	0.0	0.0
BLK	0.02355561442594713	0.0015847181599980566	0.0013219077271787224
BMP3	0.0	0.006831492617743719	0.0009178509492983173
BMP4	0.0	0.03521179070631434	0.142570375429834
BMP6	0.002639742895743869	0.13503203385233523	0.11197819539261458
BMP7	0.0	0.35392594512817327	0.34812276338221676
BNC1	0.0	0.0005145890804721236	0.013769203796877964
BRINP2	0.0	0.1275851819019266	0.009439530193751442
BSX	0.0	0.0	0.0
BTBD11	0.1907805377932258	0.024240386497478606	0.018471763460702423
BTNL9	0.008869926194154684	0.14969035849685014	1.0154049829063667
BUB3	0.7061733376492781	0.6434105266224676	0.5021535617855777
C10orf11	0.005889845281954299	0.02076524247450598	0.1393637403157374
C10orf53	0.0	0.00015404438884085341	0.0
C14orf180	0.0	0.001282638954737341	0.19000615304859916
C14orf39	0.045870290474557894	0.0001506165418291349	0.0008475890724668743
C15orf59	0.0	0.10036716842462154	0.18514981407640987
C17orf102	0.0	0.019949379112172493	0.0
C1QA	0.002286910266360976	0.1574723714563753	0.25309529960810134
C1QB	0.0	0.15105763463965555	0.17193690282125276
C1QC	0.0	0.1570696811874642	0.15882997316343778
C1QL1	0.0	0.2058504654215504	0.06039546164154269
C1QL2	0.0	0.5039710002703348	0.0017588018375646183
C1QL4	0.0	0.1533755298357436	0.0
C1QTNF8	0.0	0.002234392176141028	0.0037573125027464886
C1orf61	0.0	2.0633834247133778	0.0
C1orf94	0.0	0.0992860006802563	0.00043599958533837565
C22orf34	0.09135178184215562	0.002079168755347786	0.01780858854830241
C2orf70	0.0	0.07828267381564731	0.022014066076689234
C5orf38	0.0	0.011171955582395697	0.01234725449119613
C5orf66	1.291616660835923	0.12715476913962345	0.15308264548401987
C9orf62	0.0	0.0	0.0
CA4	0.0	0.04836553811045177	0.31935647331172723
CABP7	0.05781948450130874	0.05212233980197875	0.011453104427013664
CACNA1A	0.006483234171201646	0.07374203689757869	0.015766121309515668
CACNA1B	0.0	0.16408088781386687	0.0034768430594878837
CACNA1C	0.019809279826139597	0.10078387100712961	0.18669256344515445
CACNA1D	0.0005398516210584085	0.02527667462595221	0.03745105055392483
CACNA1E	0.000255401675868997	0.2770621834101859	0.039399263790624424
CACNA1G	0.0001356085936416773	0.10546813338776143	0.10314736961778408
CACNA1H	0.04115699064118575	0.12416830587472413	0.09718078181646335
CACNA1I	0.5397990249671254	0.07759206239647438	0.009275632952102156
CACNA2D2	0.057314571007634506	0.09467813221693218	0.13341591333350117
CACNA2D3	0.00031516950101172296	0.058637002019108805	0.11073698119892211
CACNA2D4	0.06591881548165354	0.0017942181602230765	0.017250505345249214
CACNG2	0.0	0.34657302493342257	0.0
CACNG4	0.004596025640296726	0.4997833953563847	0.013872748040121083
CACNG6	0.0	0.0036305212151715245	0.00037914984951403893
CACNG8	0.0	0.0707586522651999	0.007424946894169165
CADM1	0.010322621591674956	0.15456506176366142	0.08203576931571747
CADM3	0.0	0.341808510638426	0.16564948877434293
CADPS	0.00020819600222206673	0.07584643579521044	0.06441996212494226
CALB2	0.0	0.14754596716828403	0.01762914726365175
CALCA	0.001472332589424351	0.0	0.007395571987649459
CALY	0.04161027376780597	0.2290294773268926	0.012516766957445276
CAMK1G	0.0	0.07145558939427728	0.003269737279879029
CAMK2B	0.0013314940301561084	0.1055572315202597	0.18577086325760142
CAMK2N1	0.026319489111861938	0.19567312134827314	0.11629560003718972
CAMTA1	0.11285254147536869	0.24746074385171224	0.2886284218444265
CAPN6	0.0	0.04096277706013728	0.0008976497100802484
CASZ1	0.12745196088873673	0.08788414503970131	0.3198260977622789
CBFA2T3	0.01747434725754385	0.1389715716074586	0.10195299578097682
CBLN1	0.0	0.05974090855471321	0.09654186676946976
CBX2	0.004054263776112667	0.1843631940832742	0.055833269046902945
CBX8	0.04826891741505438	0.2401775689351968	0.1834559802488139
CCBE1	0.0	0.006930574309886883	0.02101958354807713
CCDC140	0.0	0.0	0.0
CCDC33	0.0	0.006010006217127128	0.003835513276142934
CCDC8	0.0	0.06555143566097915	0.12999703617206523
CCM2L	0.0	0.05160865976015761	0.178210580245213
CD300E	0.019883977210601297	0.0005381544011531659	0.030453475835622912
CD40	0.032753713908647286	0.012943418803147977	0.08190719770489978
CD6	0.30834689895272605	0.005234795416912949	0.004645959198558515
CDC20B	0.0	0.013610491206342923	0.000686101937074164
CDH22	0.004754353224721415	0.556488444167351	0.7051769216191713
CDH23	0.2040964673876559	0.04095904583402637	0.07451800026310693
CDH4	0.02265987742083457	0.33270552430650124	0.036908564337541666
CDK5R2	0.0	0.39799106629692416	0.01020480492431054
CDKN2A	0.01825800435238402	0.061141210967081805	0.01663116293487899
CDX2	0.0	0.0	0.0
CEACAM21	0.09360698587829083	0.008299001490000398	0.010506500560914303
CEACAM5	0.0	0.0	0.004335655076386449
CEACAM7	0.0	0.00038103877891200254	0.0013995341841493705
CELF4	0.05203674911076439	0.9334953315249853	0.10835036311253513
CELF5	0.007318206020740804	0.24377303981637602	0.00038629260410581696
CFAP46	0.0014301023029045642	0.010917449138719814	0.006011235143043283
CFAP65	0.0030888640584859723	0.014610650764270143	0.0
CFAP74	0.00012663644561497494	0.002424895325130848	0.001626860802495894
CFAP77	0.016316117825293217	0.030311381414677593	0.3640497548732646
CHAT	0.0	0.01620568721131065	0.005842161608771576
CHD5	0.00811274476684331	0.17239985005441205	0.03088506159937416
CHRDL2	0.0014361760034997898	0.008484997857554178	0.012658943593469845
CHRM1	0.0	0.04714596472850641	0.0018821205992907433
CHRND	0.028026407722037162	0.001110004691714843	0.005304891318419022
CHST1	0.0	0.12135732896379241	0.048573330262110345
CHST8	0.0	0.04929376508013145	0.03681471391694985
CIB4	0.0	0.0012345406004202108	0.0009677613590445683
CITED1	0.006712275668877591	0.13361972620439524	0.008098850232886838
CLDN14	0.0005877966146437783	0.0	0.0009363192213256214
CLEC4G	0.0	0.012399207493235129	0.010051936897593103
CLIC6	0.006556820076127297	0.006304001244076101	0.07627160012900583
CLYBL	0.05888118916147054	0.013219320298180591	0.061443270489115874
CNGA3	0.0	0.0273174111991353	0.00019974999596532563
CNPY1	0.01169410341538286	0.06850398992867421	0.0
CNTFR	0.0	1.0662141384898547	0.7310709089810324
CNTN2	0.0018035249095862908	0.14491176097421	0.05011373881971585
COL12A1	0.00026550775842029613	0.006138233278206605	0.046546083106191766
COL13A1	0.0004017529247757185	0.0013689231536158576	0.054075478165528656
COL20A1	0.0007022333967798935	0.05375322914458788	0.00011762215377105586
COL27A1	0.008463989993300941	0.016664412844903154	0.06275249308050665
COL2A1	0.0054977326380370815	0.06744594391820936	0.005991644495423011
COL4A2	0.0002504661067533749	0.08558256302796928	0.1435658215139362
COL4A6	0.001467271078905367	0.032242078961704695	0.07442859706219561
COMP	0.008379032952781288	0.0	0.1787548557933986
CPEB1	0.007680400995605801	0.03674691538695525	0.06214534158152832
CPLX1	0.029744524559336384	0.28238724164938783	0.25613367403137244
CPLX2	0.05500939680046978	0.48481364738941757	0.023323304695704636
CPLX4	0.004761772144948969	0.0	0.0
CPXM1	0.029847888911394154	0.359168731470233	0.08936040284299644
CRABP1	0.0	0.1776679793706294	0.0045935945371629655
CREB5	0.00301062119650392	0.08331688959786439	0.04405953460131982
CRHR1	0.25705643420710617	0.34849785099294844	0.13994162732185325
CRHR2	0.006508753781128436	0.027378897024340945	0.016755134182181813
CRLF1	0.0007899280163261553	0.031069430527678327	0.2725272046151738
CRMP1	0.003189271727331655	0.914867917431853	0.03537508730549286
CRTAC1	0.06564729018528297	0.30073635013422834	0.6115743617120242
CRYBA2	0.0	0.0	0.004357765927261413
CSMD2	0.0	0.1843859805077697	0.007214174969868315
CUX2	0.056898004676695355	0.42111351331810787	0.0012159064758353296
CXCL14	0.0	0.23846701664161768	0.12764326355461664
CYP19A1	0.0	0.0003270676788088272	0.006455306309770641
CYP24A1	0.002387022321799573	0.0	0.0
CYP26A1	0.001142267271907382	0.016356074943175113	0.0006071274995041969
CYP26B1	0.004330530035736579	0.16362206973136045	0.24856852775249963
CYP26C1	0.0073067804465531145	0.0	0.0044390456711271035
CYS1	0.0	0.0020406952997181907	0.08592641381500406
CYTH4	0.12645156902067012	0.013912637638726149	0.02518139624651201
DAB2IP	0.0007757040923293827	0.08459913144745973	0.09170467710065991
DBH	0.17110826053401748	0.018228090121149648	0.007661623837210467
DBX1	0.00837867793929311	0.0	0.0
DCHS2	0.0015564847044418364	0.027846541191267764	0.0003685992107285094
DDN	0.0036993610167257345	0.12392967878912337	0.06760483037965984
DGKG	0.005143519410206318	0.019042995913560935	0.06556721810493038
DIO3	0.0	0.006692955063072441	0.021694750136856063
DISP3	0.041592183051686354	0.24079747462534445	0.001300810639909152
DLGAP2	0.00030207809597054716	0.036036860606203446	0.0018685014162517274
DLGAP3	0.02428228889965383	0.142725030711026	0.006112473193698836
DLGAP4	0.13309850478841312	0.29756382896333566	0.18568971378700339
DLK1	0.0	0.014529307359665386	0.005858591269052611
DLL1	0.06197852915632157	0.16848189971811084	0.16764043805647916
DLL3	0.0002514839135222597	0.35443052622030674	0.006616486285326839
DLL4	0.004004289636848708	0.0526197590756954	0.09856846045291512
DLX1	0.0022937632026339533	1.9752972715698056	0.05757064167992763
DLX2	0.002287714619221031	1.874636040870281	0.007457617170234378
DLX3	0.0	0.0	0.050006442463674035
DLX4	0.16647794316298647	0.012374948097450978	0.02399659487345267
DLX6	0.0	1.6237951236088202	0.006445063110663133
DMBX1	0.0	0.013046989224240144	0.0
DMRT1	0.0	0.003427691830934342	0.0
DMRT2	0.0	0.005917872115407134	0.006430661011083543
DMRT3	0.0	0.01270671421098999	0.0
DMRTA2	0.0	0.08803389032195642	0.008385343792906728
DMTN	0.15163848082708814	0.16720816258942037	0.31092756317780973
DNAAF3	0.0	0.03469569488518274	0.04655920803576532
DNAH2	0.00010592193962198167	0.02034943845711248	0.0015564479729174685
DNAH8	0.0025443885574371887	0.0010253069768481028	0.0005139287511188242
DNAJB8	0.022071231439591228	0.0	0.0
DNAJC22	0.0	0.01599886468626892	0.005729754081812342
DOK7	0.011900802489079241	0.01120190789961184	0.26142361074480075
DPF1	0.010755297134221775	0.11557938384481396	0.0015275259267703237
DPYSL2	0.03195796332612327	0.18669508032430782	0.11973619397438175
DPYSL5	0.0	0.7017129524546071	0.004752177106794077
DRAXIN	0.0013961782875055826	0.1496730911800498	0.0010701795612006342
DRD1	0.0	0.06309815623200725	0.0
DRD2	0.0033911085683306953	0.22370394562320323	0.001957593174373145
DRGX	0.0	0.0019465776078998716	0.0
DSCAML1	0.060941251178575614	0.680819957068754	0.06083064000061268
DSP	0.0003102493059917167	0.02128185942169407	0.3540607163811199
DTX1	0.11386409004607799	0.21071053850822577	0.030788544226871196
DUOX1	0.02345651249629882	0.0028383745044984906	0.02332326819871197
DUOX2	0.0022940501771862606	0.0006355100919669885	0.014871851608351007
DUOXA1	0.005373385836441778	0.0035440306773851845	0.04665925383606585
DUSP4	0.025691750232653982	0.052617538817424134	0.04300728490365546
DUSP9	0.0	0.03937304609541438	0.0012655393754188707
DYSF	0.017582059138832342	0.005976997446178992	0.1170800009879788
EBF1	0.006125270630053225	0.11942936018400278	0.1982640215130536
EBF2	0.0	0.006191056849467886	0.6205802741276935
EBF3	0.020359148031299953	0.061115833705638584	0.5793655065637981
EBF4	0.136196835099096	0.3630241649714541	0.1616183267832697
ECEL1	0.001132436388257327	0.21918612728560397	0.00495617790667976
EDN3	0.014561473591214878	0.02952957521710989	0.0
EEF1A2	0.011507451193145841	0.5227658974740718	0.7016415658398574
EFCC1	0.00958459668507755	0.005247030890436921	0.03489905420410603
EGFL6	0.0	0.008909431189460911	0.00030073561925357886
EGFLAM	0.0	0.015999940205161902	0.09780715281031105
EGR3	0.005253996660961703	0.020575645955031	0.13306963154210918
EGR4	0.0	0.019286162917722175	0.0600016178658731
ELAVL2	0.0	0.10566216415006603	0.0017001252938921953
ELFN2	0.04437613112834464	0.5204408528502317	0.013943315030213423
ELMOD1	0.0	0.0805694214051201	0.08235173790115877
EML1	0.0	0.05711724685467572	0.07578018334328589
EMX1	0.014997519009448285	0.0514429611874854	0.026229041014532575
EMX2	0.0	0.343415903874548	0.11123144366875773
EN1	0.0	0.0	0.0
EN2	0.0	0.00619578340483315	0.11328244106549455
ENPP7	0.0	8.784782277598611e-05	0.00048100532177557164
EOMES	0.09675032071339472	0.21685324056067712	0.015060535120610842
EPHA10	0.0019016270793999488	0.10945275440992194	0.01688297948721762
EPHA8	0.0	0.1851044842407562	0.0
EPHB3	0.0008649950588991658	0.04686090531474501	0.01414907099235379
EPS8L1	0.008179824466220032	0.027551088525747742	0.017240793531078
ERC2	0.0	0.06394037843902735	0.012918431383295872
ERG	0.010855187386086075	0.011985347913220456	0.07543963235794435
ESPN	0.17037688351127456	0.05991408116497131	0.01192882343816782
ESRRB	0.023476064128191462	0.004727087365878199	0.28928343166410836
ESRRG	0.0	0.03055722363091754	0.07877550494492744
ESX1	0.0	0.0	0.0
ETV5	0.00025824650513758574	0.06648725547154831	0.026267098401236175
EVX1	0.0018535072748345194	0.0	0.006649840751007516
EVX2	0.0	0.0	0.0
EYA2	0.0002189470670067137	0.05911069154061535	0.04146891632761676
FADS6	0.008437446612176195	0.006162731491817512	0.002685907756013555
FAM120B	0.1261208716187537	0.11489934548753612	0.09956856628392088
FAM163A	0.0009355028230619805	0.0035425706133995765	0.012288134853354138
FAM167A-AS1	0.0005176650751110966	0.0023098449503553904	0.01823759778986175
FAM172A	0.08564488811377884	0.09570968589108927	0.06741959740416804
FAM19A4	0.0	0.0033822595760246627	0.000703521752256921
FAM43B	0.0	0.13508706288832653	0.08555613476742094
FAM83F	0.008374901915052083	0.0008282747186878717	0.0493368097007296
FBXL16	0.20457684381541366	0.3512578407210498	0.019514027293437295
FEV	0.0	0.0	0.0005930390185028272
FEZF1	0.0	0.34514299847523844	0.0
FEZF2	0.0	0.37465534441906706	0.0
FFAR4	0.0	0.0	0.004597426577571426
FGD5	0.0033049137646326	0.013457353806220462	0.07675740219787677
FGF13	0.0007920934313878333	0.13761931279329503	0.07684097616389024
FGF19	0.0	0.0024515091146666956	0.0
FGF3	0.0	0.0	0.0
FGF4	0.0	0.0	0.0
FGF5	0.00029108231364979355	0.0033489550417871933	0.00029108231364979355
FGF8	0.003659637337137457	0.0	0.0025151068996334958
FHOD3	0.00930258140245871	0.07611507059639043	0.13125131658112327
FIBCD1	0.007776582572385695	0.06654943832411744	0.020428508260016427
FIGLA	0.0	0.0	0.00712334631800432
FLI1	0.33712880857264566	0.08202053833470657	0.20222405647068104
FLT1	0.01263099841033386	0.05361641095917558	0.11792962309155071
FLT4	0.03319523572008652	0.01455469482353874	0.0419763499803449
FNDC1	0.0	0.016589766051925386	0.003874517561991082
FOXA1	0.0	0.0	0.0
FOXB1	0.03547129407320592	0.18918040599473346	0.0
FOXB2	0.0	0.0	0.0
FOXC1	0.007764921011799562	0.14436733852714992	0.4913415716262999
FOXC2	0.0	0.0493764630990331	0.0924049826652094
FOXD2	0.047748752680069916	0.007846829506800018	0.014089495567286146
FOXD3	0.0	0.0	0.10562087565732557
FOXE1	0.04907747025666648	0.0	0.0016176559626202142
FOXF2	0.0	0.49251168515802585	0.10399321887919477
FOXG1	0.0	0.5588814621723888	0.02695216653988263
FOXL1	0.0	0.04316499454846256	0.11075337043071876
FOXL2	0.0	0.004494415448940628	0.0
FOXL2NB	0.0	0.0037844919259245866	0.0
FOXN4	0.004521368080161915	0.18004598100539468	0.000500824420361935
FOXO6	0.001638577664179091	0.19326441808889724	0.03585078094548416
FOXP4	0.05821204803715437	0.1503495328086995	0.1216858847286706
FRMD4A	0.10040599561044185	0.28224058832156185	0.1663893397657586
FRMPD1	0.006251990667556963	0.0786828863883913	0.042858862818960904
FSTL4	0.034054161965987526	0.04106463068613599	0.0005821204222632179
FXYD6	0.001170831748368162	0.2087705514067361	0.10011712880935184
FZD10	0.0	0.022044139472784045	0.009855005662082346
GABBR2	0.0	0.35930364151054145	0.0005781370480714508
GABRD	0.0	0.12147749931303911	0.019664287630878727
GAD1	0.0008789983599180988	0.7076487368805675	0.001404300703597879
GAD2	0.0	0.6673200372020083	0.0
GAL	0.0	0.007263663997807607	0.005972657376873706
GALNT14	0.004771305207869855	0.08520566041390967	0.0022354197279146433
GALNT18	0.0005123537425727962	0.05342631536474973	0.11525464325105908
GALNT9	0.031908094434725476	0.10877083648193807	0.004973739543842645
GATA2	0.11207940449027369	0.07768261397050709	0.8361438853228389
GATA3	1.3578628377351423	0.04662219626493092	0.3532441095516413
GATA4	0.0	0.0	2.842261528807043
GATA5	0.0	0.001144628801556624	0.23307613964450138
GATA6	0.0	0.00419550570135784	0.7868299050213342
GBX1	0.0	0.0054304058255154625	0.02079136753636924
GBX2	0.0	0.05599112504876463	0.0
GDF6	0.0037635408428083354	0.014189386167601627	0.43738478876948306
GDF7	0.007946144139934807	0.0	0.012821792956646318
GDNF	0.0	0.013254857290301953	0.01352480312866173
GFI1	0.11082431067944071	0.0033792820968853786	0.005297011900267822
GFI1B	0.006262477438821579	0.00915787124360484	0.007380260315079799
GFRA1	0.0	0.03530994755476742	0.06410917680040214
GFRA2	0.021161032386286877	0.04525928426347747	0.046715396895619724
GJA3	0.0	0.001309707531571852	0.24242715797622505
GJB2	0.0	0.018338196022060486	0.005862911490446238
GJD2	0.0	0.027219667294564782	0.07800877527945291
GLIS1	0.0	0.00716010120792539	0.01524968455951756
GLP1R	0.0030670734042813246	0.03392040971117206	0.15981477321664397
GMDS	0.14558421071641048	0.1342537588688781	0.10986241901799192
GNAS	0.4911398875755145	0.6370834213766721	0.5766386241773781
GP1BB	0.011124826627105275	0.24498823245521087	0.23196791817666298
GPR101	0.0	0.0016472589697264083	0.0
GPR12	0.0	0.05811327042576978	0.0
GPR153	0.004105911070858037	0.12153968630169112	0.07405466917170203
GPR26	0.0	0.022015808875789154	0.0
GPR50	0.0	0.00022402178703588048	0.0
GPR78	0.0	0.0003694683579017702	0.01136265045253374
GPRIN2	0.0003069912580286752	0.041042817262788835	0.0012791989469267766
GPX5	0.0	0.0	0.0
GRAP2	0.1661263903017779	0.0010646041155898168	0.026802040531273205
GRID1	0.0	0.1937107442082567	0.01924154049957271
GRID2IP	0.021730366626625152	0.02119825346498472	0.002881045908920329
GRIK3	0.0	0.48148409483147736	0.21094230391367047
GRIK4	0.001157712804989458	0.1613614611104376	0.04022081566320385
GRIN1	0.002055641502843304	0.41595823179393093	0.006395007265915753
GRIN2C	0.11355902578522593	0.06376916144738438	0.30212609898582354
GRM4	0.0	0.44445068255246406	0.0
GRM8	0.0004718125786754165	0.030853369371912548	0.001007027470127017
GRP	0.0	0.04135839095266476	0.0
GSC	0.0	0.004079387943817367	0.02538282068554376
GSG1L	0.0012038672134439736	0.06673989375363765	0.19020439516590412
GSX1	0.0	1.2108580807740317	0.0
GSX2	0.0	0.9065305346243931	0.001283942084811191
GUCY2D	0.0	0.0021374987668354357	0.012971925498756254
HAND1	0.004401290452791811	0.0	0.572962280866121
HAND2	0.0	0.0	0.8668579494940227
HAPLN2	0.025724192354822886	0.14685230617583445	0.10225575334501467
HCK	0.02965696844646206	0.057164404594848874	0.04996880289686595
HCN4	0.0	0.11124570457063103	0.46298424705176305
HECW1	0.0	0.11674548437902342	0.001691340618035781
HELT	0.0	0.8513888088132067	0.004744027238492488
HES2	0.0007171262299777016	0.0002998428630776771	0.0
HES4	0.014618892676724808	0.1920379671220686	0.1362225129041468
HEY2	0.002955570598687719	0.04146103157083703	0.05605789996819706
HHEX	0.016936999569884183	0.019291175248077677	0.047420583034481545
HLA-DQB2	0.02687013032355595	0.0004810557405901987	0.00020698622957772856
HLA-G	0.4083135782588134	0.0920210295311255	0.08687233638985428
HLX	0.021887933044261385	0.025704195152027723	0.24469574546581077
HMCN2	0.0	0.006920115442944711	0.09815209403809447
HMX1	0.0	0.1577520541296943	0.0
HMX2	0.0	0.0	0.0
HMX3	0.0	0.0	0.0
HOXA1	0.012646496548051618	0.0	0.025787958246806537
HOXA10	0.011220116715264024	0.0	0.0013900501147353183
HOXA11	0.0	0.0	0.0
HOXA13	0.0	0.0	0.0
HOXA7	0.0058752738260751955	0.0	0.0023778799280336077
HOXB1	0.0	0.0	0.0
HOXB13	0.0	0.0	0.0022342783130632616
HOXB3	0.09413063318126468	0.00034885947748664276	0.09345398731939994
HOXB5	0.001081387847197727	0.0	0.012430216684131357
HOXB6	0.0024525593749071574	0.0	0.04586575240516115
HOXB8	0.0	0.0	0.0
HOXB9	0.0	0.0	0.003108601179757373
HOXC10	0.0	0.0064926399530776556	0.0
HOXC11	0.0	0.0	0.0
HOXC12	0.0	0.0	0.0
HOXC13	0.0	0.0	0.0
HOXC4	0.020423610734827638	0.0	0.0773533039992671
HOXC5	0.0	0.0	0.03077753323304104
HOXC6	0.0	0.010157895303558465	0.05055526073430549
HOXC8	0.0	0.0019215229084384594	0.0040650912366940375
HOXC9	0.0	0.0	0.0037967000914854317
HOXD1	0.0	0.0	0.0027835760972580448
HOXD10	0.0	0.0	0.000920458460818998
HOXD11	0.0	0.0	0.0
HOXD12	0.0	0.0	0.0
HOXD13	0.0	0.0018998199147344471	0.0
HOXD3	0.0008090586488095431	0.0	0.02100293309738371
HOXD4	0.0	0.0	0.03163401008767453
HOXD8	0.0	0.0	0.14272387118629595
HOXD9	0.0	0.0	0.010447986934111805
HPCAL4	0.3907114816867427	0.29553583905301656	0.22414200668735712
HPSE2	0.0	0.0006891233202064277	0.0035295139874417813
HRH3	0.0005084526085802823	0.012579465951713586	0.00028699701793709077
HRK	0.0	0.0075466210578168155	0.0
HS3ST3B1	0.07960765748916165	0.014978623321473468	0.03092496909561309
HS3ST4	0.0	0.050265923743817505	0.0
HS3ST6	0.0	0.0	0.0
HS6ST2	0.001354124500503993	0.16012800311187061	0.01687678242953476
HSF4	0.0358529638178487	0.06930585887875919	0.1073908527519839
HSPA12A	0.0002617529552964486	0.10846427892447813	0.16242483462453586
HTR3A	0.0004922053576686373	0.019984282738325507	0.0019818427130723487
HYDIN	0.00045162077738496214	0.05637707310413279	0.004993982206639554
ICAM5	0.0007470990951284469	0.034093819209691116	0.023827102090500277
IDUA	0.14365897605535516	0.12332351341965354	0.07916394879801682
IFITM10	0.027222812012186206	0.042743153936967176	0.018215603301251177
IGF2	0.0	0.38615416839591904	0.6333780357686115
IGF2-AS	0.0	0.005575557779118099	0.015983652061557073
IGF2BP1	0.0	0.33529328299442457	0.0
IGF2BP3	0.007106936756933799	0.14385985439473317	0.000972395543758612
IGSF21	0.0	0.553137861186909	0.05019653551057715
IGSF9B	0.07361462290062966	0.09859069008970986	0.14271269647754545
IHH	0.008526085160352812	0.0065747170830043585	0.004595243843932932
IKZF3	0.10123518372596925	0.00012722376874858824	0.004867146476907315
IL17REL	0.0	0.00032775865030838444	0.0006995616042262496
IL20RA	0.0	0.00602985183916219	0.0711387389163283
IL9	0.0	0.0	0.0
ILDR2	0.013304853694432324	0.09462716210535478	0.02312575434143146
INHBB	0.0	0.4215701482820711	0.20602620825924506
INS-IGF2	0.0	0.2841040474281157	0.5901583942961313
INSM1	0.0034088164486864793	0.38884009673609554	0.0
INSRR	0.009490662318339883	0.01948078935661911	0.010864376518175628
IQSEC2	0.0065099186495941215	0.046881348059608634	0.06514402589006191
IQSEC3	0.017923740914967474	0.131722418514005	0.04286103321534009
IRF4	0.21647084048896145	0.0021271677952953757	0.04666509880856432
IRF8	0.12628087255818618	0.038070577949723676	0.06027711583829921
IRX1	0.0	0.1983075537070075	0.011321369879914354
IRX2	0.0	0.02108454743186397	0.01782003831656521
IRX3	0.0	0.023123362164865043	0.20382582007090808
IRX4	0.0	0.0	0.0062878194207899455
IRX5	0.0	0.017165921633147896	0.0515587643939198
IRX6	0.0	0.0030119857053182743	0.006319309004980542
ISL1	0.0	0.18292598247211067	0.005043867601787915
ISL2	0.008614790374190459	0.0	0.00474436894194409
ISLR2	0.0	0.38813140587997846	0.1374461331891682
ITGA11	0.0023000917135093993	0.0335405374484116	0.1777390291811019
ITGB2	0.20951390293729658	0.06530154847176955	0.05537381933117411
ITPKA	0.0	0.04359605993794582	0.050403547988060474
JAKMIP1	0.010224829165196599	0.058541316686775535	0.001695566343178717
JAKMIP3	0.015046999251159869	0.015073237998768209	0.02677726416664355
JPH2	0.0	0.0012221742638284221	0.15932977908493023
JPH3	0.012068239340567874	0.274869328730174	0.010101764294332786
KALRN	0.0032915415401312065	0.10207742432249847	0.050737636088841374
KAZN	0.0008285111524889608	0.06553285974468454	0.03313514041528159
KCNA1	0.0	0.05585965528932549	0.0013520006781862987
KCNA2	0.052697824702653336	0.22053725841993424	0.04106385896229345
KCNA4	0.0	0.023725169542877858	0.016288743890344553
KCNA5	0.0	0.05532327770051671	0.13569482102394748
KCNA6	0.002714856091639785	0.09250663400950121	0.04711325478209858
KCNB1	0.0007130744003068949	0.16471132358542237	0.04975412588969456
KCNC1	0.011170879106956102	0.16571925473367366	0.003690318622245679
KCNC3	0.02268086540238584	0.04445837445588672	0.04656175140899974
KCND3	0.009828374572344986	0.2624401263837383	0.2831789241915622
KCNG1	0.0	0.20934804463284337	0.017668505224491968
KCNH2	0.047110126005966396	0.15729295233492993	0.28695341923520473
KCNH3	0.04425757520257379	0.06956853499898223	0.04110034593207609
KCNIP1	0.0	0.40826368791278683	0.004007818570931362
KCNJ10	0.00439256907230688	0.24700589596726144	0.003866064748859106
KCNJ12	0.0	0.0034445379759642874	0.07990109725670176
KCNJ4	0.0	0.10792386154366286	0.3126519203041622
KCNJ5	0.0011802322816311384	0.02829477393518107	0.20390118378266572
KCNJ6	0.0	0.03949261364787472	0.0
KCNK10	0.0007352665829529029	0.1269236292720926	0.0
KCNK13	0.0005827669650754794	0.014357598402323209	0.09616047286200685
KCNK17	0.0036346152146269728	0.00041100541623307826	0.03505410923503907
KCNK18	0.0	0.001620609675128276	0.0
KCNK3	0.0	0.15515307853239235	0.33044982442241727
KCNK4	0.0	0.019269705608552797	0.001366064506847829
KCNK9	0.004926526394007085	0.06440941813854854	0.0017422112481641629
KCNMA1	0.0016301415719699305	0.02368095350831026	0.011022020069562407
KCNN3	0.0018696077597165797	0.07757946934182386	0.030634879919992936
KCNQ1	0.42729366168002647	0.07395628342134553	0.46903010151812163
KCNQ2	0.005641284459472084	0.727842321183112	0.0
KCNQ3	0.00024816432232915777	0.08970983478379128	0.006840261588989467
KCNT1	0.016402116833668573	0.11874265361150753	0.012651863873674956
KIF19	0.0016421163713516611	0.0072258173569702535	0.02917319174591309
KIF1A	0.0009494054578357117	0.4984476051521462	0.350024291641364
KIF26A	0.002447108966014044	0.1246768359995145	0.09399532305856598
KIRREL2	0.012061182057086525	0.06696505553173127	0.0006709680105296684
KIRREL3	0.007142995117705639	0.43075850422939654	0.07062750813752325
KLHL29	0.057697414745802054	0.04379159195827163	0.027403658877360088
KLK10	0.0	0.010798196552877249	0.011862678406810283
KLK2	0.0	0.0008252693237297384	0.0
KLK3	0.0	0.0	0.0
KLK4	0.0	0.0008403349407322104	0.0
KNCN	0.0	0.004853501761840248	0.0
KNDC1	0.0005500302421960547	0.057591309423828396	0.006085875344714523
KRT1	0.03841098351344091	0.010967822303111387	0.0
KRT28	0.0	0.0	0.0005137551905792967
KRT7	0.0	0.0	0.0005720468467910077
KRT73	0.2112403661231712	0.0	0.0003957443581035946
KRT77	0.006327547750576855	0.0004912976751263358	0.0
KRT9	0.0	0.0	0.0
KSR2	0.0017987791113643105	0.015847269317820736	0.0005632451127782954
L1CAM	0.06696389245318797	0.16558360214433449	0.07124829198457341
LAMC3	0.02916897398491099	0.02156467892022418	0.01929994671610932
LBX1	0.006558952175665432	0.0	0.0
LEF1	0.3700083010599362	0.07581880104805834	0.00406894797589717
LGI3	0.0009182350570941159	0.02377632298395717	0.09068281044033742
LGR6	0.008696134551767898	0.019144661514811503	0.16442339228597752
LHX2	0.0	2.071629475572118	0.014594791942942859
LHX3	0.0006006690564905634	0.0021937118216657442	0.000800492893072458
LHX4	0.5021809044250812	0.020080342949436437	0.009227842644938835
LHX5	0.0	0.017955151198801624	0.0
LHX6	0.0	0.7499450812031307	0.25722121779490437
LHX8	0.0	0.12093052857283804	0.0
LHX9	0.0	0.025298370443448966	0.047871917015080825
LIN28B	0.0	0.002653116771351923	0.0
LINC00917	0.0	0.0	0.0
LINC01124	0.0	0.005263210307022532	0.0007550601213722358
LINC01511	0.002308580561480294	0.0013165625746311724	0.0
LINC01548	0.0	0.0	0.0
LINC01551	0.0	0.18872800557737002	0.00014013452576948682
LINGO1	0.0	0.7007628853608796	0.3198942292193911
LINGO3	0.10435038513177664	0.05345150472723636	4.467931279781178e-05
LIPE-AS1	0.02579356142509906	0.016873832256014257	0.013890676977473475
LMO1	0.0	0.1477633800759606	0.025541942169712065
LMO2	0.04460685739470668	0.11544130865774065	0.13360053635401553
LMX1A	0.0	0.015801538668782634	0.0013309973802351893
LMX1B	0.0	0.0	0.3853919639441052
LPO	0.007502045341893491	0.004549249973628942	0.028892525627357966
LRFN2	0.005255600348200373	0.1026144458118641	0.001414863260638961
LRRC38	0.0	0.005838185179546465	0.017584313120605714
LRRC4B	0.06737218596051425	0.27057443235010525	0.056972033176858776
LRRC71	0.0008671890589817224	0.004646402107513352	0.005594951280826451
LRRN2	0.13350031367777565	0.15486047972769187	0.14864836972690004
LRTM2	0.000726277797383066	0.031117243807033335	0.0002922392375225492
LY6H	0.0	0.15911092810152402	0.000480909515317723
MACROD1	0.08112761412171594	0.1592657991616864	0.21092647726026434
MAFA	0.0	0.0024611875766481148	0.02280977235535261
MAFB	0.09724806318696785	0.3020755836514002	0.29051148609117106
MAL	0.2621849301102252	0.0010030228999947186	0.13135465653334213
MAP6	0.0002270583539845689	0.10429797300663611	0.03225823355257198
MAST1	0.005583582366165517	0.1558775197436103	0.00392350965979218
MATN4	0.0	0.003455260589099486	0.0018383919030327289
MCF2L	0.041756142078316266	0.06521246683519606	0.06824161091515651
MCIDAS	0.0	0.0032146125736525234	0.0
MDFI	0.0	0.09210593874944134	0.04127619602694982
MDGA1	0.007848009923974502	0.11294920437827319	0.04443314575553364
MECOM	0.0012316313730222378	0.04437408281326287	0.2216496555409747
MEGF11	0.018713781175094528	0.17884338694666907	0.0074185743843363005
MEGF6	0.11226959479042047	0.026260914124219773	0.062385635961589934
MEIS1	0.008686725224360514	0.19676847439627826	0.15772000961352123
MEIS2	0.0	0.33644659061689525	0.17794036193209592
MEIS3	0.0005132834280237464	0.20756308191803688	0.049529631123971164
METAP1D	0.47496635060871323	0.35022435383169137	0.25080145665471987
MFSD4A	0.14206138193661497	0.052018231836341106	0.028557474477882306
MGAT5B	0.014663923560515366	0.13590793296195713	0.0012112291297178498
MIR1-1HG	0.0	0.0	0.3731692487293927
MIR124-2HG	0.0	0.2754619947423681	0.0
MKX	0.0006052691094669626	0.0023857584710751073	0.010325290638961076
MLXIPL	0.00035928944097174414	0.0018417697094644746	0.08005374791304093
MMEL1	0.03655772641117236	0.058205831901072425	0.0104116334134884
MMP25	0.11691796361150442	0.04976742863879235	0.01827266022361483
MMP9	0.022596525592836363	0.003415307620019185	0.009661479899860085
MNX1	0.0	0.0015861422182807034	0.0015861422182807034
MPPED1	0.00321271926669504	0.16671590168326209	0.0021850180097874408
MSX1	0.01666656897016847	0.2824955505271077	0.629808356501528
MSX2	0.0	0.019094289079347786	0.2971105589047179
MT1A	0.0	0.0	0.18042763654188865
MT1B	0.0	0.0	0.0019841130061396197
MT1F	0.07783637410595315	0.09121519374156944	0.055083258282588206
MT1G	0.018241834359216284	0.04405651008057181	0.13199815285190236
MT1H	0.0	0.0	0.007494805606356901
MT1JP	0.0	0.0031532697372941344	0.02369460423304827
MTMR9	0.06831601600805111	0.07438970373881183	0.06047578182858112
MUC17	0.0002268656465481645	0.000151319247890483	0.000151319247890483
MYO18B	0.005265416679708263	0.00014764390451319062	0.15024899744482217
MYO3B	0.0	0.0062679622346875664	0.0002576205697617171
MYO5B	0.03790733250437169	0.029632408855681056	0.1271614875109864
MYOD1	0.0	0.0	0.0
MYT1	0.00021530869100194487	0.18708854121903906	0.01818605887749208
MYT1L	0.0008622576235816891	0.1284701734917891	0.0004330516119691731
NAT16	0.0	0.29081962237844455	0.0
NAT8L	0.003659059716688149	0.10071929755976876	0.05767686038440718
NAV2	0.012549462933606887	0.19222280600650404	0.23646455578093295
NCAM1	0.0020742485643547933	0.23470583992032423	0.1656519622161916
NCAN	0.0001334491721938379	0.247575241876896	0.0
NCCRP1	0.0	0.004492931742683187	0.0005630054619384596
NDRG4	0.020262097216470067	0.17341144159221122	0.20448397933581972
NELL1	0.0	0.07205900821110986	0.00017499343554402253
NEUROD1	0.0	0.04511813055614095	0.0
NEUROD2	0.014320585169389059	0.42101965168544353	0.0
NEUROG1	0.0	0.2786342251185012	0.0
NEUROG2	0.0	0.17159096228470513	0.0
NEUROG3	0.0	0.0	0.0
NFASC	0.0012292045056066746	0.15102961536232173	0.2373506782685501
NFIB	0.0	0.44411899174625	0.30767928173895587
NFIX	0.11474085515401054	0.6250205490392178	0.4539500193278732
NGEF	0.000761129787440933	0.13958569540920154	0.03387767371191468
NGFR	0.0	0.1499957019782004	0.5821078905409313
NHLH2	0.0	0.0006547882564523215	0.0
NHSL2	0.012681577096515623	0.036835309807983725	0.03947775981310062
NKAIN4	0.0	0.24927781733324397	0.0
NKD2	0.0031488962316517932	0.059858444746908566	0.057005611516044115
NKX1-1	0.0	0.0	0.0
NKX1-2	0.0	0.0043833203449204884	0.0
NKX2-1	0.0	0.04738146079331675	0.0
NKX2-2	0.0	0.6557109366850109	0.0
NKX2-3	0.0	0.05481706875403607	0.0014859889527981873
NKX2-4	0.0	0.0	0.0
NKX2-5	0.008647521852710572	0.0	2.151036886519572
NKX2-6	0.0	0.0	0.5654177752942635
NKX2-8	0.0	0.023403472312528165	0.0
NKX3-1	0.05732300679514484	0.00274994937472631	0.12381571568644248
NKX3-2	0.0012709003920282152	0.0029365252618226987	0.004408295620953619
NKX6-1	0.0	0.023701315682151603	0.0
NKX6-2	0.0	0.018901554170411266	0.0015251632425720828
NOS1	0.00015347972026214955	0.1452950141624849	0.005269063271446058
NOTO	0.0	0.0	0.0005501884944057549
NOVA2	0.0	0.24937587416926918	0.08949421592770418
NPAS1	0.009418893463505655	0.15850858510722787	0.01740708479530803
NPHS1	0.0014222537460324227	0.0033547151905080523	0.00020056891306240846
NPPC	0.0	0.016024192677046783	0.03220077322214853
NPTX1	0.010142324617500838	0.04581900651911393	0.0032034928417835136
NPTX2	0.005510629021168559	0.05723913158503804	0.07076434460432389
NR2E1	0.007289739796244014	1.6539259293159518	0.0
NR2F1	0.0	1.151269759112585	0.7997588092675456
NR2F2	0.0	0.8359255675618013	0.6972059990445941
NR4A2	0.16746523140133088	0.04851911803515149	0.15537607829434352
NR5A1	0.0	0.0018788864575955346	0.002034453331472909
NR5A2	0.0	0.00558922065588859	0.07009851281229873
NRAP	0.0	0.001060345909889527	0.16029919133299944
NRG2	0.005319858512934983	0.19279221201880414	0.11330406977466619
NRGN	0.014367225792065329	0.13960067675124752	0.07514475018121823
NRN1	0.0	0.35864824406287277	0.7909907138614677
NRXN2	0.0018492878857547547	0.5690793900792803	0.054907302139273216
NTF3	0.0	0.014217809971420149	0.05427892044783981
NTF4	0.0	0.0	0.02228912846228731
NTM	0.0	0.2210288685374438	0.2175074196994293
NTN1	0.0721653140665519	0.22218788358970692	0.552322184224218
NTNG2	0.17099751678139152	0.2017035053621657	0.5249795611472914
NTRK1	0.042069535233084134	0.08101705471215404	0.13345516243246894
NTRK3	0.0003061476507450465	0.10803989959154434	0.0449920331820636
NTSR1	0.12980876386627505	0.08758862027005632	0.0012628341741501756
NXPH1	0.0	0.3494908796626596	0.0010027593399375228
NXPH4	0.0011054938573738604	0.07675913836694513	0.038973800563209655
OCA2	0.0	0.0388092535918198	0.01960686939304474
OLFM1	0.0	0.2747539739580194	0.15115292645554426
OLIG1	0.003329313535166912	0.6926089849769586	0.01605321832082951
OLIG2	0.004820605222225499	1.2255414798528574	0.0
OLIG3	0.0	0.0	0.0
ONECUT1	0.0	0.04134600374419799	0.017150982147723186
ONECUT2	0.0	0.16785891108905845	0.009036948185601234
ONECUT3	0.0	0.0034953311804957923	0.0
OPCML	0.0	0.17249528675870823	0.009993590744180669
OR1F1	0.00828078935074322	0.019813139236860008	0.0
OR2V1	0.0	0.0	0.0
OR4D2	0.00022110286165460198	0.0	0.0
OSR1	0.0	0.012627449654037656	0.2511296523911466
OSR2	0.0	0.009179965680794114	0.27637690875839555
OTOF	0.0017177270501677452	0.01649317504642464	0.0027967241468873716
OTOG	0.0	0.014590019815430405	0.0
OTOP1	0.00014023531325369425	0.0	0.0
OTOP2	0.0	0.0	0.0007910433688088246
OTOP3	0.0	0.0	0.0
OTP	0.0	0.004899987848035181	0.0
OTX1	0.0	0.5742285159889525	0.001723918429083646
OTX2	0.0	0.7579340842955646	0.0
OVOL1	0.0	0.001692178666290025	0.0006238007728707551
PADI1	0.0	0.0006972187060626615	0.0003505058805026603
PAK3	0.003623882837259932	0.151603291538256	0.0022344944027250886
PAMR1	0.0	0.0076666909055350604	0.0736628200728224
PAPPA	0.014159587604894532	0.0019837984460458953	0.026869726666778063
PAX1	0.0	0.0	0.0
PAX2	0.0	0.008959741371471801	0.0
PAX3	0.0	0.011847673458372678	0.029594576539161636
PAX5	0.03247349667270447	0.001725329471468523	0.0005756842636898087
PAX6	0.1689665250187277	1.2464792985347508	0.0033705443169538595
PAX7	0.0	0.012810684782758331	0.0
PAX8	0.03003868612330944	0.0016997332063030807	0.0012398257861673987
PAX9	0.0	0.0	0.0014872311471406518
PCDH19	0.0008561590540985462	0.1060672275810157	0.016708276108343658
PCDH8	0.0	0.1838318349617094	0.0
PCDHGA1	0.029025777813071058	0.5725852914790132	0.40578397695033297
PCDHGA10	0.013694667869931064	0.2198438783974716	0.15560801203437166
PCDHGA11	0.009962886206907773	0.19549454017032267	0.13521343955667828
PCDHGA12	0.008378373308573618	0.1725768643351486	0.12364901016003912
PCDHGA2	0.026597163338609116	0.5418635646521165	0.38597635894736965
PCDHGA3	0.027544023244017633	0.5406826871984949	0.38598210411305256
PCDHGA5	0.0268317155494766	0.49752922372106845	0.35478513159633784
PCDHGA6	0.03223786854297946	0.4658787864525706	0.33134595859763427
PCDHGA7	0.028506973042255853	0.44923963660926536	0.3206986615373825
PCDHGA8	0.01589138657077813	0.3200525626819525	0.22829004207811232
PCDHGB1	0.026760828936049537	0.5384605096517521	0.38340862629257455
PCDHGB2	0.031150192616122726	0.5133727516142468	0.3657003588696394
PCDHGB4	0.020053620294390315	0.37133659226686533	0.2648056650311309
PCDHGB6	0.01817247899126752	0.24525847093281802	0.1745478383424325
PCDHGB7	0.010841167211257923	0.2152736287913658	0.15268118426363317
PCDHGC3	0.0086426095747145	0.17837236733714246	0.12381756207739292
PCK1	0.0	0.004367580719045786	0.021441428457492532
PDE1B	0.10058135859891791	0.09468566949441048	0.03669286273912783
PDE1C	0.00011205039386995854	0.05373701673845904	0.13824263530047856
PDE2A	0.025840971090995694	0.5990248279775606	0.6085144812517924
PDE4A	0.04470904413800256	0.12603571393372118	0.14525235728769417
PDGFB	0.037178050090233755	0.09024395933946597	0.19315281688050284
PDGFRA	0.0	0.2264459652195812	0.2432171393676014
PDX1	0.0	0.0	0.0
PDYN	0.0	0.1768763292363833	0.0
PEAR1	0.0049554685332181695	0.02795479035372224	0.12664200545023116
PEBP4	0.030064947837372666	0.09840503273210893	0.9206474353737335
PHACTR1	0.016802614682772297	0.0810780238704924	0.038068354319946554
PHACTR3	0.0013091849315949734	0.48947175300541174	0.30647417391451404
PHF21B	0.0	0.27202275894424766	0.016261659002711107
PHF24	0.0011982006527476278	0.07528890433750549	0.004151180193057177
PHOX2A	0.00847472261346846	0.0026782797551685943	0.006566273900029148
PHOX2B	0.0	0.0	0.04996313838643588
PITX2	0.0	0.002332512901853963	0.05921374870835603
PITX3	0.0	0.0021012097282779	0.022646887945187263
PKD2L1	0.0024806109409093273	0.0013139191344997702	0.0005384363904401363
PKNOX2	0.0	0.1776416093328275	0.157092711449133
PKP1	0.0	0.016395651879297948	0.002437745821264484
PLCH2	0.13808420056643822	0.054776879005904444	0.002762902300168173
PLEKHD1	0.01005705828029471	0.0004895546050926496	0.0013661604051068332
PLXNA4	0.032379880152884115	0.2297481004387146	0.23402025925460987
PLXNC1	0.05861689892787606	0.09664590412631296	0.035955583298186745
PNPLA5	0.0	0.00567065741704683	0.00044137246882180537
POM121L2	0.003315586006845219	0.003315586006845219	0.0
POU2F2	0.09524537548471024	0.07198703401930999	0.010328669210201626
POU2F3	0.00479467437632652	0.017656212267101283	0.003934414499797432
POU3F2	0.0	1.0767185029693451	0.01214298714606549
POU3F3	0.0	0.5684228613309917	0.0053694483605195905
POU4F1	0.0004405524640568164	0.02369259301803552	0.0
POU4F2	0.0	0.0	0.0
POU4F3	0.02301972595370269	0.009802962678020484	0.0
PPIE	0.10485915822672259	0.07385674987320817	0.0688159432749069
PPP1R14C	0.0	0.04162175455690737	0.22292426478486307
PPP2R2C	0.0011364424705717327	0.41665187464556674	0.17986197984841576
PPP5D1	0.004144096125637605	0.027130606826762084	0.010025233612728317
PRAC1	0.0	0.0	0.0
PRDM12	0.003547080406556579	0.01369086468094047	0.002847359172376876
PRDM13	0.0	0.0	0.0
PRDM14	0.008422666572709155	0.0	0.0012545302220064263
PRDM16	0.0016816171658457246	0.38725460953386576	0.1313099663389891
PRDM6	0.0	0.038423985302936475	0.07372014138154095
PRDM8	0.1865139659323297	0.08053234048046014	0.055483113764651856
PRKCG	0.006742750715982046	0.07768233802832235	0.0019706445164615095
PRLHR	0.0	0.004750014717946144	0.0
PRMT8	0.003084122997586136	0.09124650506714635	0.03317681036614597
PROK2	0.009016591729766505	0.023526100652795038	0.0033986838020425287
PROKR1	0.0009185176966563516	0.0029077786271766858	0.00030889956976885055
PROX1	0.0010781444481362066	0.27720820514472305	0.30407274823389246
PRRT4	0.028671404336160153	0.06405163792245651	0.0272979547267209
PRRX1	0.0	0.1076522687783872	0.3764307583804773
PRRX2	0.0006069181041196354	0.002113245104392967	0.061043222024490564
PRSS16	0.00660882848745336	0.01859315435800649	0.027065252139458706
PRTN3	0.07812791297929082	0.003302214012948845	0.0006927123461636331
PSD2	0.005638523204045567	0.2855059488193453	0.002014217802864286
PTF1A	0.0	0.011182545095758247	0.0
PTH1R	0.0022593072895041554	0.043581208321668695	0.17506275391086215
PTHLH	0.002210042332564132	0.013361035867371897	0.037298658693462675
PTPN5	0.00043002032851374836	0.11620623935211469	0.04381163602900649
PTPRN2	0.08162156393828399	0.537739047826259	0.18070580704197134
PVALB	0.0	0.05349043069390778	0.0
PYY	0.004819239090299413	0.003043106059324475	0.0017091946462886496
RAB37	0.2562707455347114	0.015866031184330553	0.0494209885539501
RAET1G	0.0	0.0010982135481012476	0.005817000062581653
RAET1L	0.0	0.0032962629389632933	0.0012355199449653792
RAI2	0.04293139634626679	0.13260143855865433	0.18100922659726634
RANBP17	0.0010493641106024243	0.03289189860468749	0.00708263239827321
RAP1GAP	0.0033070824109416503	0.17561945505103743	0.1479936169511187
RAP1GAP2	0.07779840959398031	0.039950121024568845	0.10261918830662291
RASGEF1A	0.011416328088037487	0.06439752322923435	0.05680062122974826
RASGRF1	0.004607179854556679	0.189562933083364	0.003793745159813546
RAX	0.0	0.0070487405395392895	0.0
RBBP8NL	0.0	0.0	0.0
RBFOX1	0.0	0.06390533479523852	0.09603143566806173
RBFOX3	0.282304769031728	0.5584516861911164	0.009602825235686823
RBM20	0.014168141541098057	0.0037297324704878747	0.1485180672868893
RESP18	0.0	0.016607620907313245	0.0
RET	0.0010919851181432816	0.0050454025312918795	0.01972770679202887
RFX4	0.0019239919935267872	0.5322495789986884	0.0005792104180972705
RGAG1	0.0	0.02051163649952697	0.007363491199904188
RGMA	0.0005395798828620831	0.2914076698719553	0.13475172385109271
RGS20	0.05564776271004852	0.19312757430770125	0.009816089416356751
RGS6	0.0008258981985519767	0.035317936413450726	0.07708255045084016
RHCG	0.0	0.06349032482845657	0.050644013959440654
RIMS4	0.0	0.14010423629568292	0.025605850901107213
RIPK3	0.0713241847198585	0.0020391657005427322	0.036395337502353506
RIPK4	0.045914064622448965	0.04601671575524066	0.07522070227809903
RNF220	0.8591534166072028	0.7297715790618495	0.7794451112832022
ROBO3	0.4749940590389017	0.5303821121966975	0.44149834698155926
RPH3A	0.002476752270765472	0.18126988995746143	0.0002381113100910758
RSPO1	0.0	0.0	0.008311733876384682
RSPO4	0.013389063813851547	0.04108390774605756	0.018226952230743814
RTBDN	0.0	0.035464707079879816	0.0018029830452739074
RTN4RL1	0.0006491582634247126	0.05291802267209244	0.09472956303391278
RTN4RL2	0.00879892511476278	0.04982638591589132	0.017968406741886316
RUNX3	0.40023584476178736	0.021659746267318043	0.025327866475209238
RXRG	0.0	0.37251740593808913	0.07305338772026997
RYR3	0.012310783136837688	0.03546517522084543	0.001259149839359688
SALL1	0.0	0.38337157992614007	0.03665378416762881
SALL3	0.000729386721972826	0.2859750024036311	0.005641456785934294
SAMD11	0.050084661682464005	0.017076459668327448	0.09926945741672732
SATB2	0.009337991018789411	0.1494739166582319	0.09311070372083105
SCARA5	0.0	0.004912990109007061	0.3086168117229496
SCARF2	0.056168752858314706	0.05756887555785544	0.052117899842041404
SCN2B	0.0008119865588121664	0.015426436196337014	0.06515090634162071
SCN4B	0.0	0.17304148588675386	0.3141733541209242
SCN5A	0.010837325109707634	0.03142543475505928	0.3062674053267977
SCNN1G	0.0	0.00044858490260639064	0.0021538548254508806
SCRG1	0.0	1.2138877852198766	0.5577261440074945
SCRT2	0.0	0.5636835525490311	0.0
SCUBE1	0.0016994221483144203	0.06654761941009345	0.012588458209672818
SCUBE3	0.03451601686684076	0.04001821644830727	0.030543145719120108
SDK2	0.09755424925229575	0.11818156513382401	0.03070507461589549
SEMA5B	0.008398770839683042	0.6090200851283798	0.13226945205395696
SEPT5	0.020905398668967925	0.3243942229745839	0.2912407656201489
SERTAD4	0.0	0.07119394366569406	0.03518273754351977
SEZ6	0.06843646301225982	0.39325843663744287	0.0011731970541891215
SEZ6L	0.0074820132158804325	0.35590981976721536	0.005264806864395635
SFRP1	0.006662486027760785	0.5772417937571457	0.46803880293039934
SFRP2	0.004996458700114751	0.28433586849215237	0.060421103715702196
SFTA3	0.0	0.16684409856558172	0.0
SH3RF3	0.06206362504191387	0.08339664595265513	0.06533930119674171
SHANK1	0.006832239756496637	0.3654183825032407	0.06434530967169896
SHANK2	5.1739616032258395e-05	0.09178466114373365	0.0017307672839785568
SHH	0.04489308418953588	0.046039951198193325	0.0
SHISA7	0.005039155660777202	0.2785676623799253	0.003390281564827232
SHISA8	0.0	0.0093148318328983	0.0093148318328983
SHOX	0.0	0.0	0.0007383218313131374
SHOX2	0.0	0.003684663311692068	0.3308311539725951
SHTN1	0.06655126368188709	0.6495124072407439	0.15392737865303527
SIM1	0.0	0.0	0.0
SIM2	0.09936111361976992	0.0038366527645986937	0.007104044640302872
SIX1	0.0	0.005041331201807996	0.03126728217438147
SIX2	0.0	0.019220906035844705	0.18723990036477983
SIX3	0.0	1.8406597261169508	0.0
SIX6	0.0	0.0	0.0
SKAP1	0.7827861442542637	0.01834212423915069	0.051265480239114265
SKOR1	0.15055499181682036	0.05880277814786056	0.021311205946452652
SKOR2	0.0	0.0	0.0
SLC12A5	0.004851539139427331	0.3481247627788892	0.01674457091874372
SLC17A7	0.0025817607822164503	0.0744752273437903	0.06864919051934666
SLC17A9	0.06719206720823503	0.008161887846275988	0.047570886045270586
SLC18A2	0.1300572062917058	0.021383162355988215	0.006141177473034033
SLC18A3	0.0	0.03776246291910802	0.007267014694899812
SLC1A2	0.016776155198795842	0.19689760837274117	0.01512312157785517
SLC24A4	0.013217982355845459	0.003711331077970101	0.015972195492178088
SLC25A48	0.0	0.03587727327828305	0.00343806318010379
SLC26A10	0.0013643772566954491	0.21855611012589196	0.1598749287227666
SLC26A9	0.0	0.0011473206239477295	0.08018367149921009
SLC30A2	0.0003751728649687097	0.00018786697093726588	0.017269311299390373
SLC30A3	0.008620299603779111	0.04445359396876537	0.19761796127690662
SLC32A1	0.0	1.6114242869506554	0.0
SLC35F3	0.0006473430952426845	0.012660780480174088	0.0004544826062901602
SLC6A1	0.0	0.347390027494441	0.09327330806226969
SLC6A11	0.0	0.26074807680483353	0.001920004470412508
SLC6A12	0.0008463841773821901	0.10475373009326289	0.00866547942896325
SLC6A17	0.0038204285927328926	0.4417421870866458	0.006085677657816475
SLC6A19	0.0	0.0	8.819863954244179e-05
SLC6A2	0.0	0.0	0.00018833213823170406
SLC6A3	0.002886585957841238	0.0011884784319221829	0.0011884784319221829
SLC6A5	0.0	0.0009628830753881234	0.0014428869951227726
SLC8A2	0.009915870925688233	0.38046603388320355	0.008825747502977762
SLC8A3	0.0020667960517035166	0.05766601822891848	0.0023329461085584793
SLC9A3	0.40930745622756104	0.0748954405747198	0.06465620689843293
SLCO4A1	0.016048244257144594	0.021916996868734367	0.07732393831354012
SLFN12L	0.5340266548958871	0.0	0.04320396838207366
SLIT1	0.025760729441020088	0.6358606121618496	0.010227984320702781
SLIT3	0.0	0.03102540942694223	0.1670204512086635
SMARCD3	0.09065340289133683	0.21369182541871806	0.20360508034225658
SMOC1	0.00038366204371573107	0.15372105549020768	0.09264269992466954
SMOC2	0.0	0.033057191958780895	0.08576348687022405
SMUG1	0.06861740920621091	0.13985435140878003	0.16355116366327113
SNCB	0.0	0.22888483342910837	0.12673360438212602
SORCS2	0.006443607303680387	0.256332383767451	0.11850963454633508
SORCS3	0.08354738868862496	0.18315426177944089	0.006357749065170294
SOX14	0.0	0.06304437679448636	0.0
SOX17	0.0	0.09264024248550976	0.5488083874650685
SOX18	0.006398031429927282	0.06665531813277116	0.15486872695424048
SOX2	0.00044162120556442405	0.28143113414836546	0.036192746495803466
SOX3	0.0	0.2201747622425539	0.0016539478369677657
SOX7	0.08023464023941412	0.07858799372044267	0.18982965309910296
SOX9	0.0	0.2977393343542321	0.15551855146686208
SP5	0.0	0.04704409763893818	4.449555380920051e-05
SP6	0.024863191189944775	0.0029446774505224485	0.030377056969683403
SP8	0.0	0.8219454665538963	0.0
SP9	0.0	0.4395619745015972	0.0
SPAG6	0.0013831628212356642	0.0029221807787554463	0.000968744533079911
SPEG	0.08000569447134535	0.15006690698897865	0.2529825490833054
SPR	0.0018553670784175523	0.10184598056622333	0.2524016949858374
SPTBN4	0.009377113336929697	0.07964388722858434	0.0913631535527837
SRRM3	0.0024730350012502353	0.09470107303283995	0.13286724023020235
SRRM4	0.0	0.18666437058767374	0.024652265543423188
SSTR4	0.0	0.005567930551525446	0.0
SSTR5	0.0	0.0	0.3131544241519507
ST8SIA2	0.0	0.3183002721630747	0.017054312590684035
STC2	0.0	0.029521123511973092	0.12928537992463335
STK3	0.013131344341309267	0.028756655315010416	0.05734399556341503
SV2B	0.0012625602960182444	0.017834597598949512	0.01775994679682688
SV2C	0.0005785709803904702	0.04494302083199954	0.0022167339383096264
SYBU	0.0018782054874390101	0.07027472214987299	0.04207576151147099
SYNDIG1L	0.0020259688024975944	0.1539683177713154	0.004454771240427259
SYPL2	0.0016157006390171698	0.0029967764316835544	0.23022816438579757
SYT13	0.0	0.13502471285755097	0.1579774604897654
SYT15	0.00854446515345	0.018319981748767734	0.04551301225523338
SYT2	0.14695003562786207	0.08677878479565658	0.010302962191730389
SYT5	0.0020118268110387192	0.2920654305585308	0.0029232273647181624
SYT6	0.004502579175595686	0.18439054044557945	0.0
SYT7	0.0006194925891320483	0.28458342341519466	0.5191212381861826
T	0.0	0.0	0.000253956747406277
TAL1	0.008632862099575117	0.1113813265873399	0.2895801263597686
TAS1R2	0.00040962028194717467	0.0005623903004437888	0.0
TBR1	0.001469011519978341	0.09333791394980376	0.0011437000816067516
TBX1	0.017047549364676826	0.05423876030746001	0.10923060775991122
TBX15	0.016639458905234408	0.0430309099631792	0.2977505897766709
TBX18	0.0	0.04889923401554667	0.29624254915570025
TBX2	0.0013087537067153526	0.09440895609943298	0.3789064600309922
TBX20	0.0	0.0	0.6998084970087789
TBX21	0.06537250496354408	0.0037320163931658557	0.017258495736777558
TBX3	0.0	0.06441103031870403	0.8010821509089707
TBX4	0.0	0.0	0.016191047753145584
TBX5	0.0	0.0027389655072194512	2.0504928579790986
TCERG1L	0.0008287625121603192	0.011330935443376374	0.00013949924579275075
TCF15	0.0	0.02617240520753026	0.11906581819771393
TCF21	0.0	0.0	0.41748113704199824
TCHH	0.0013061810766920074	0.018415829500024083	0.022590135052507766
TCTE1	0.11714330556023317	0.07930285500892993	0.006253987914982749
TEKT1	0.0010078653606971086	0.010896734300273499	0.0
TENM4	0.0005913190119272368	0.09563324124497954	0.010693707183523518
TFAP2A	0.0021549673612310735	0.006780304258441764	0.06896622187292671
TFAP2B	0.0	0.005605303967647317	0.004561064462247293
TFAP2C	0.00022975030334072908	0.14293600617685126	0.01105224453097867
TFAP2D	0.0	0.01391495549110508	0.0
THBD	0.022814612416054193	0.03164457203542123	0.16965907508537256
TLL2	0.0002571516297233121	0.005101339287382862	0.03268470807118596
TLX1	0.0035227719896045477	0.0007087628301879687	0.07893519305487535
TLX2	0.004495354754817619	0.0	0.0011322841820554108
TLX3	0.0	0.008534953926524553	0.004477225140611053
TMC2	0.0	0.06791105340811082	0.0001780179347656818
TMEM132C	0.0	0.054513733521850835	0.07135354396958797
TMEM132E	0.08205508533995054	0.6221888315196528	0.04783676059316236
TMEM163	0.01585029356207079	0.07556838975443605	0.05646568594240845
TMEM174	0.0	0.0	0.0
TMEM176B	0.023025895680068978	0.008767586061035186	0.12973714577786746
TMEM179	0.0	0.10055116573994598	0.011641057933619204
TMEM200C	0.0	0.08184697772109444	0.029990824730802352
TMEM255A	0.02498802474709997	0.03854242454373851	0.012588609133896936
TMPRSS6	0.04180759769262076	0.007060152432044607	0.0007222877444236347
TNNT1	0.0	0.04605343456253615	0.12412948822317342
TNR	0.0	0.16944641761460763	0.0003854756512624133
TOX2	0.062100157491127614	0.12286832483539235	0.04479751915132616
TP73	0.034894313612840726	0.00854324096840509	0.007032776839753877
TRH	0.002553211234493648	0.09884155893930595	0.0012383590649909235
TRIM29	0.0	0.0011501234542361735	0.0010416119422100092
TRIM31	0.00549624699935182	0.0	0.0017106199853845947
TRIM36	0.0008146178815188842	0.1724443280491459	0.0025790970673702225
TRIM40	0.0	0.0	0.0
TRIM63	0.0	0.0	0.2209039651167718
TRIM67	0.013168222187062624	0.2828864077567584	0.017786416434635913
TRIM71	0.00045825718408764395	0.00859710640774428	0.0
TROAP	0.010820889835333093	0.1459038487746644	0.003551635130739279
TRPC3	0.0	0.017984888752452088	0.0029943749427613904
TRPC5	0.009003519531334579	0.017163279287952547	0.0
TRPC7	0.0	0.00911935241880545	0.0
TSC22D3	0.30622639380373123	0.13801815012251628	0.18251156477965405
TSHZ3	0.001119347759505403	0.06870915904810798	0.04436283823666461
TSPAN11	9.742347974110102e-05	0.08533663620315803	0.037471681983765416
TSPAN18	0.09598907200623528	0.09815090239463894	0.15190722297686174
TSPEAR	0.08223657380826545	0.0005415383937840242	0.23817856407312726
TTBK1	0.0	0.17869346534780065	0.01280503873151532
TTC6	0.0	0.0010846623501481463	0.0
TTLL10	0.008011909176722317	0.002890084665792538	0.0029243947409206147
TTLL6	0.0	0.019484724581501283	0.04731633554025069
TWIST1	0.0	0.016437924610804372	0.19311924943478873
TWIST2	0.0	0.0	0.06935541393683074
UBD	0.0005297542251742367	0.005481867427584796	0.004354121357040446
UBE2QL1	0.001800418197487631	0.1116064841713108	0.0981477443242076
UCP1	0.0010634035905642317	0.0	0.05201145712206998
ULBP1	0.0	0.02742901051801115	0.0652019941909972
ULBP2	0.0030670660480777126	0.022426338406298544	0.06826851061219012
UMODL1	0.003483007404815993	0.00015574170621774513	0.0
UNC13A	0.00028839732215773893	0.10964903343227217	0.002581215110857034
UNC5A	0.003703953345618342	0.37716854623891133	0.10497601253412661
UNCX	0.0	0.042153827208955864	0.0
USH1C	0.0	0.0	0.0025665484049139727
USP2-AS1	0.000501151145973256	0.005198332314104277	0.014204344581090619
VAX1	0.0	0.44282229347447033	0.0
VAX2	0.006789971828490922	0.15388713984856367	0.24441829565632983
VDR	0.030353276606835844	0.0010346130027326331	0.009128793054676057
VENTX	0.006238777897746802	0.002928326958785816	0.04399054242441292
VGLL2	0.0	0.0	0.13484919729850567
VPREB1	0.0	0.001393311998263271	0.0
VSIG2	0.02384267905457815	0.0021031622182813366	0.03987036774513944
VSTM2B	0.0	0.2108376315515451	0.0
VSTM2L	0.014042062861213412	0.33288580343917673	0.45242156881898715
VSX1	0.00936322559619127	0.0003910701099225893	0.03256203100280601
VSX2	0.01149013282427962	0.0018571148691597565	0.0
VWA5B1	0.005696559403928212	0.022753440269799124	0.012642552540868318
VWA5B2	0.000295930537628309	0.016060112747193305	0.0018473758272340088
WDR86	0.0655035738319864	0.0840817108130445	0.005821822016288336
WIF1	0.0	0.03724166021683436	0.014678052948208434
WNT1	0.29074546056682793	0.032341088376138784	0.011198037441476658
WNT10A	0.10040790704929725	0.02227596839355189	0.0042055647281558665
WNT11	0.005231327349642305	0.016022896253073002	0.06835163718532182
WNT2B	0.004932655121418887	0.02798674648587805	0.04558481984554232
WNT3	0.015152432961242203	0.10058020559952562	0.07088414557695716
WNT3A	0.01121510643789366	0.0	0.0
WNT5A	0.0	0.07106386690976274	0.06864825786243167
WNT6	0.0	0.018400205370639376	0.13168261306315493
WNT7A	0.18848310206172544	0.27061061613277376	0.0
WNT7B	0.0	0.17692804217118546	0.0
WNT9B	0.0	0.0013451770117154452	0.0319953768122469
WSCD2	0.0004495407503083485	0.0402501847722255	0.0120904368393335
WT1	0.0	0.0	0.2655078253271
XKR6	0.15433082826362027	0.20385530247023803	0.041027387715453105
ZBED9	0.003411444523493678	0.04652857649193511	0.020781225439566984
ZBTB16	0.06888630195152513	0.08420325092538523	0.14357363295847494
ZBTB7C	0.0	0.0861635978277085	0.0878044497219311
ZDHHC22	0.0	0.331509332533003	0.0
ZEB2	0.011057667792919695	0.14873417151104604	0.08467856101375493
ZFHX3	0.017200149139097943	0.07938501004385938	0.057682252640106235
ZFHX4	0.0013453485352880427	0.20669884747135894	0.025560888500093307
ZIC2	0.0	0.08691120667791245	0.0
ZIC3	0.0	0.023977946835864943	0.0004394245493798526
ZIC4	0.0	0.1381942285416931	0.00330355253356043
ZIC5	0.0	0.052805752795019506	0.0
ZMYND15	0.006786572738930713	0.015441847440882691	0.008927652248049665
ZNF423	0.0006127329861805041	0.11241637857300868	0.0759943360553793
ZNF503	0.0012914089296127938	0.08082328595048675	0.17469480461236958
ZNF503-AS2	0.0	0.04367554250111826	0.08754296023470999
ZNF831	0.10060068687889866	0.00011026080027297855	0.0016554112573785704
ZSCAN9	0.012929239069986284	0.09814881005530515	0.0686284455560428
